0 0.474909 0.794182 0.024727 0.027636
0 0.501091 0.801455 0.029091 0.020364
0 0.501455 0.756364 0.044364 0.020364
0 0.490182 0.769455 0.058182 0.027636
0 0.558909 0.340727 0.041455 0.032727
0 0.593818 0.395273 0.041455 0.041455
0 0.569091 0.402182 0.008000 0.026182
0 0.530545 0.766545 0.026909 0.020364
0 0.531636 0.794545 0.033455 0.032727
0 0.725091 0.480364 0.029091 0.035636
0 0.770182 0.402545 0.024727 0.026909
0 0.745455 0.404000 0.027636 0.035636
0 0.736364 0.440727 0.040000 0.032000
0 0.767636 0.437455 0.021091 0.025455
0 0.748364 0.480000 0.017455 0.040727
0 0.807636 0.222182 0.016727 0.031273
0 0.784727 0.221455 0.024727 0.026909
0 0.928364 0.089818 0.053091 0.024000
0 0.608727 0.028364 0.033455 0.050909
0 0.631636 0.204364 0.025455 0.037818
0 0.642545 0.239636 0.034182 0.025455
0 0.628727 0.247636 0.026909 0.026909
0 0.623273 0.280364 0.026182 0.037091
0 0.098545 0.904000 0.024000 0.029091
0 0.070545 0.922182 0.032000 0.046545
0 0.472727 0.981818 0.065455 0.033455
0 0.793091 0.880364 0.056000 0.050182
0 0.804727 0.924000 0.058909 0.050182
0 0.762545 0.929455 0.031273 0.049455
0 0.741818 0.958182 0.052364 0.053091
