0 0.220238 0.600260 0.017219 0.021663
0 0.214128 0.626644 0.028328 0.033327
0 0.921190 0.177045 0.024420 0.030710
0 0.908610 0.192215 0.022200 0.027750
0 0.888075 0.212010 0.017390 0.033300
0 0.905650 0.217375 0.031820 0.018130
0 0.850335 0.298550 0.016650 0.024790
0 0.810745 0.309650 0.026270 0.019610
0 0.944870 0.404310 0.025900 0.018870
0 0.965035 0.433170 0.023310 0.033670
0 0.964295 0.383960 0.019610 0.013690
0 0.964850 0.402090 0.019980 0.024050
0 0.547035 0.601136 0.028120 0.026270
0 0.570160 0.605206 0.052910 0.018130
0 0.859770 0.748892 0.048840 0.036260
0 0.827395 0.763137 0.044770 0.029230
0 0.568554 0.925260 0.028120 0.033300
0 0.592789 0.935990 0.027010 0.039960
0 0.645884 0.773005 0.034040 0.023310
0 0.669009 0.760240 0.020350 0.025160
0 0.697750 0.430048 0.035890 0.035890
