0 0.867877 0.279540 0.052768 0.043881
0 0.858156 0.218718 0.026662 0.041104
0 0.916935 0.655052 0.021090 0.044030
0 0.907870 0.631927 0.033300 0.019980
0 0.510840 0.640256 0.035969 0.025375
0 0.007221 0.450028 0.028884 0.039437
0 0.032494 0.470024 0.036105 0.048325
0 0.071931 0.288225 0.033883 0.026662
0 0.026106 0.271561 0.053324 0.038882
0 0.020830 0.314053 0.036105 0.041659
0 0.538687 0.207200 0.019240 0.048840
0 0.513712 0.223480 0.047730 0.034780
0 0.636922 0.162800 0.029230 0.040700
0 0.673922 0.150960 0.044030 0.029600
0 0.051800 0.857613 0.062160 0.074740
0 0.144485 0.830788 0.019610 0.041070
0 0.127835 0.836338 0.038850 0.038850
