0 0.249091 0.451636 0.037091 0.023273
0 0.269818 0.422909 0.036364 0.031273
0 0.049455 0.645091 0.030545 0.033455
0 0.017818 0.674182 0.024000 0.040727
0 0.630909 0.301455 0.058909 0.069091
0 0.709091 0.381091 0.062545 0.071273
0 0.784727 0.469818 0.061091 0.071273
0 0.756727 0.205455 0.035636 0.041455
0 0.717091 0.169818 0.042182 0.060364
0 0.772000 0.141091 0.063273 0.034909
0 0.781091 0.107273 0.056727 0.022545
0 0.812364 0.085818 0.055273 0.016000
0 0.833818 0.054909 0.040000 0.041455
0 0.886909 0.033455 0.063273 0.056727
