0 0.281818 0.217091 0.042909 0.021091
0 0.265091 0.234545 0.040000 0.010909
0 0.517455 0.188727 0.022545 0.037091
0 0.540364 0.224727 0.032000 0.030545
0 0.375273 0.034909 0.045091 0.027636
0 0.362545 0.010909 0.041455 0.017455
0 0.224364 0.547273 0.024000 0.031273
0 0.245455 0.581455 0.041455 0.028364
0 0.033818 0.557818 0.019636 0.036364
0 0.061091 0.561818 0.017455 0.045818
0 0.133455 0.620364 0.016727 0.033455
0 0.150182 0.642909 0.018182 0.024727
0 0.163273 0.661818 0.021091 0.018909
0 0.620000 0.694909 0.016727 0.026909
0 0.632000 0.713818 0.020364 0.021091
0 0.645818 0.732000 0.024727 0.028364
0 0.686909 0.642545 0.013818 0.038545
0 0.704000 0.653455 0.032000 0.021091
0 0.721091 0.680364 0.042909 0.024000
0 0.952364 0.789091 0.034182 0.026182
0 0.953818 0.747273 0.018182 0.038545
0 0.934909 0.744727 0.010909 0.033455
0 0.878182 0.625818 0.035636 0.021091
0 0.840000 0.586182 0.013091 0.037818
0 0.865091 0.601455 0.035636 0.023273
0 0.187273 0.657455 0.018182 0.033455
0 0.350909 0.964727 0.047273 0.029818
0 0.388727 0.926545 0.050182 0.049455
