0 0.017497 0.704295 0.029439 0.018885
0 0.052490 0.707073 0.023885 0.036660
0 0.082207 0.709850 0.023329 0.042215
0 0.096649 0.810665 0.023329 0.041659
0 0.109980 0.841215 0.035549 0.037215
0 0.318275 0.785392 0.039993 0.024440
0 0.334106 0.745955 0.030550 0.037771
0 0.507607 0.683690 0.018500 0.030710
0 0.558112 0.697565 0.012210 0.031080
0 0.535542 0.685355 0.044770 0.040700
0 0.789840 0.515377 0.049580 0.025160
0 0.747105 0.527032 0.064010 0.027750
0 0.731605 0.087875 0.030340 0.011470
0 0.697750 0.037185 0.022570 0.034410
0 0.717915 0.031450 0.015540 0.036260
0 0.706260 0.070670 0.015170 0.037000
0 0.729385 0.060680 0.019980 0.033300
