0 0.574925 0.411015 0.012210 0.022570
0 0.560680 0.396215 0.034780 0.024050
0 0.588618 0.259990 0.034737 0.030549
0 0.560015 0.174748 0.046809 0.021680
0 0.572702 0.204681 0.057895 0.035723
0 0.521951 0.201602 0.020941 0.040404
0 0.492757 0.210348 0.034491 0.044099
0 0.715472 0.092879 0.028085 0.018231
0 0.722986 0.110617 0.038679 0.014782
0 0.730623 0.132544 0.047548 0.022665
0 0.880490 0.723177 0.039220 0.020350
0 0.902320 0.706157 0.044400 0.024790
0 0.879195 0.646032 0.009990 0.031820
0 0.889000 0.656207 0.014060 0.049950
