0 0.936123 0.582763 0.035549 0.029995
0 0.974171 0.571654 0.038326 0.042215
0 0.953897 0.740734 0.024440 0.034438
0 0.993335 0.725736 0.024440 0.023329
0 0.104647 0.963062 0.031661 0.034994
0 0.291835 0.735604 0.036105 0.033327
0 0.254620 0.741436 0.029439 0.036105
0 0.051879 0.735326 0.027217 0.066099
0 0.007221 0.922236 0.017775 0.031105
0 0.169136 0.426717 0.026106 0.031105
0 0.188855 0.439493 0.014442 0.041104
0 0.206074 0.405332 0.039993 0.027217
0 0.214128 0.438382 0.029439 0.029995
0 0.376598 0.337289 0.045547 0.018885
0 0.353269 0.369505 0.017775 0.035549
0 0.171080 0.082485 0.014442 0.023885
0 0.164692 0.045825 0.019441 0.016108
0 0.158860 0.106092 0.035549 0.029995
0 0.126366 0.071376 0.038326 0.040548
0 0.152750 0.074431 0.013331 0.031105
0 0.387576 0.075264 0.023329 0.023885
0 0.410072 0.070820 0.019441 0.027217
0 0.439511 0.067210 0.039437 0.026662
