0 0.658671 0.153302 0.025900 0.024050
0 0.638691 0.150897 0.013320 0.022940
0 0.615566 0.150712 0.031450 0.024050
0 0.900100 0.278200 0.031820 0.029230
0 0.863840 0.275425 0.038480 0.028860
0 0.992970 0.317975 0.018500 0.045140
0 0.969845 0.597865 0.028490 0.021090
0 0.994080 0.609520 0.015540 0.011100
0 0.852925 0.612850 0.026270 0.018500
0 0.819625 0.613405 0.037370 0.020350
0 0.884560 0.798720 0.028120 0.023680
0 0.915825 0.798350 0.029230 0.022200
0 0.905465 0.861805 0.034410 0.023310
0 0.945795 0.861250 0.030710 0.022200
0 0.950790 0.888630 0.019980 0.028120
0 0.929330 0.888630 0.018500 0.029600
0 0.553014 0.749573 0.022200 0.025900
0 0.533959 0.750868 0.020350 0.029230
0 0.509354 0.723303 0.031820 0.021460
0 0.543394 0.723303 0.031820 0.021460
0 0.366940 0.819503 0.012950 0.045140
0 0.317175 0.808033 0.019240 0.028120
0 0.343630 0.810623 0.024790 0.031080
0 0.245455 0.401661 0.018500 0.037370
0 0.209195 0.421086 0.035520 0.023680
0 0.351400 0.135790 0.012210 0.037000
0 0.374340 0.134680 0.029970 0.032560
0 0.404495 0.135235 0.025900 0.029230
0 0.437795 0.138010 0.017020 0.037740
0 0.775140 0.020165 0.019610 0.024050
