0 0.115273 0.092000 0.016727 0.022545
0 0.119273 0.117091 0.024727 0.011636
0 0.072000 0.096364 0.021818 0.021091
0 0.094545 0.085455 0.032000 0.031273
0 0.170909 0.058182 0.026182 0.020364
0 0.196000 0.045818 0.029818 0.030545
0 0.210182 0.070545 0.017455 0.036364
0 0.219273 0.037455 0.016727 0.012364
0 0.286909 0.020000 0.029818 0.026909
0 0.319636 0.014909 0.029818 0.019636
0 0.452727 0.057818 0.038545 0.040000
0 0.508727 0.025455 0.038545 0.034909
0 0.498182 0.077455 0.042182 0.041455
0 0.269818 0.208364 0.043636 0.037091
0 0.279636 0.242909 0.028364 0.033455
0 0.855273 0.794545 0.026182 0.032727
0 0.885091 0.806182 0.045091 0.021091
