0 0.572000 0.215636 0.031273 0.032727
0 0.576364 0.251636 0.029818 0.029091
0 0.601091 0.252727 0.016727 0.034182
0 0.627636 0.245091 0.033455 0.030545
0 0.628727 0.213455 0.026909 0.026909
0 0.629091 0.186182 0.016000 0.024727
0 0.613091 0.182909 0.014545 0.028364
0 0.588727 0.184000 0.026909 0.026182
0 0.598182 0.208727 0.019636 0.016000
0 0.561091 0.016000 0.019636 0.026182
0 0.528364 0.021818 0.035636 0.023273
0 0.549455 0.038182 0.022545 0.013818
0 0.516727 0.041818 0.024000 0.021091
0 0.529091 0.062909 0.029818 0.022545
0 0.532364 0.087273 0.016000 0.023273
0 0.573818 0.032727 0.021818 0.032000
0 0.578182 0.057818 0.030545 0.018182
0 0.572364 0.084000 0.059636 0.029818
0 0.791273 0.376727 0.026182 0.026182
0 0.825818 0.390182 0.028364 0.029818
0 0.797455 0.398182 0.024000 0.013818
0 0.826909 0.416364 0.036364 0.021091
0 0.817818 0.448000 0.031273 0.032000
0 0.768364 0.430545 0.035636 0.018909
0 0.788364 0.444000 0.027636 0.021091
0 0.765455 0.415636 0.045818 0.012364
0 0.766182 0.404000 0.051636 0.015273
0 0.772727 0.379636 0.024000 0.032000
