0 0.572000 0.549455 0.034182 0.050182
0 0.539636 0.525455 0.034909 0.015273
0 0.531273 0.498545 0.029818 0.029818
0 0.714909 0.717818 0.034909 0.046545
0 0.753455 0.761455 0.059636 0.016000
0 0.462182 0.705455 0.029818 0.042182
0 0.424000 0.749091 0.074182 0.029091
0 0.424364 0.717818 0.038545 0.026182
0 0.398182 0.582545 0.054545 0.030545
0 0.416727 0.549818 0.043636 0.027636
0 0.449818 0.524727 0.042909 0.016727
0 0.479636 0.500364 0.034182 0.027636
0 0.358182 0.612364 0.031273 0.040727
0 0.329455 0.628727 0.024727 0.044364
0 0.301818 0.651636 0.017455 0.034909
0 0.203273 0.752727 0.051636 0.036364
0 0.221455 0.724364 0.048727 0.018909
0 0.243273 0.698545 0.042909 0.022545
0 0.277091 0.697818 0.027636 0.057455
0 0.309455 0.732000 0.040000 0.026909
0 0.535636 0.817091 0.073455 0.038545
0 0.494182 0.874182 0.093818 0.045091
0 0.498545 0.965455 0.077818 0.058909
0 0.584727 0.965091 0.061091 0.074182
0 0.028364 0.892364 0.027636 0.053818
0 0.054182 0.887636 0.016727 0.051636
0 0.101818 0.879273 0.046545 0.093091
0 0.172364 0.942909 0.061091 0.089455
