0 0.030909 0.112727 0.047273 0.069818
0 0.658909 0.016364 0.056727 0.019636
0 0.581455 0.091636 0.070545 0.141091
0 0.261818 0.348000 0.056727 0.031273
0 0.293091 0.390545 0.082909 0.043636
0 0.158182 0.650182 0.029818 0.027636
0 0.178182 0.670545 0.014545 0.021818
0 0.198909 0.653818 0.038545 0.032000
0 0.217091 0.693818 0.045818 0.040727
0 0.254909 0.701455 0.018182 0.032727
0 0.360364 0.626545 0.072000 0.045818
0 0.321091 0.667636 0.031273 0.053818
0 0.282182 0.684000 0.042182 0.047273
0 0.874909 0.055273 0.082909 0.098909
0 0.895636 0.271636 0.034182 0.053091
0 0.869818 0.282545 0.014545 0.064727
0 0.970545 0.299273 0.070545 0.121455
0 0.925818 0.301818 0.014545 0.027636
0 0.823636 0.909091 0.093818 0.122182
0 0.570545 0.808364 0.021091 0.022545
