0 0.829455 0.208727 0.035636 0.024727
0 0.857818 0.196364 0.019636 0.033455
0 0.835273 0.248364 0.104000 0.041455
0 0.808364 0.278909 0.042909 0.015273
0 0.693818 0.202182 0.033455 0.026182
0 0.713818 0.246909 0.044364 0.038545
0 0.795273 0.177455 0.047273 0.037818
0 0.829818 0.161091 0.017455 0.050182
0 0.876727 0.153091 0.053091 0.047273
0 0.906182 0.111273 0.033455 0.032000
0 0.921455 0.134545 0.034909 0.013091
0 0.717455 0.181818 0.031273 0.014545
0 0.730909 0.209818 0.029091 0.026909
0 0.690909 0.127273 0.034909 0.020364
0 0.720000 0.146182 0.034909 0.048000
0 0.772727 0.121091 0.063273 0.056000
0 0.866545 0.072364 0.054545 0.047273
0 0.763636 0.085455 0.072727 0.018182
0 0.786909 0.064364 0.072727 0.021091
0 0.714182 0.107273 0.046545 0.018182
