0 0.519719 0.293464 0.022774 0.034994
0 0.519719 0.332346 0.024995 0.031661
0 0.685333 0.751030 0.035890 0.018870
0 0.639083 0.771010 0.020350 0.026270
0 0.659433 0.800980 0.035890 0.021830
0 0.672938 0.816705 0.018500 0.025160
0 0.485859 0.916565 0.026270 0.029230
0 0.464769 0.913790 0.023310 0.026640
0 0.488634 0.945795 0.037000 0.019610
0 0.503804 0.960040 0.034040 0.018500
0 0.503145 0.746509 0.029230 0.035520
0 0.529045 0.778884 0.021830 0.032930
0 0.498520 0.798679 0.037000 0.041440
0 0.455785 0.688049 0.021830 0.034780
0 0.426370 0.708399 0.032560 0.038480
0 0.329304 0.740774 0.039590 0.040330
0 0.035335 0.867499 0.022570 0.038480
0 0.014245 0.883964 0.021830 0.044030
0 0.019795 0.634066 0.030710 0.030710
0 0.049765 0.628701 0.026270 0.032560
0 0.069005 0.648681 0.017390 0.036260
0 0.023125 0.597621 0.035150 0.019240
0 0.008140 0.579121 0.026640 0.015540
0 0.101010 0.565061 0.016280 0.031080
0 0.126355 0.557291 0.024050 0.023680
0 0.143745 0.584671 0.032930 0.026640
0 0.494161 0.586602 0.054390 0.027750
0 0.893810 0.984090 0.033300 0.028860
0 0.980945 0.990010 0.035890 0.018500
0 0.944500 0.985200 0.022200 0.031080
